-2.220446049250313e-16
0.13456109746170508
0.15551754905553683
0.3317522362457809
0.0
0.1848969813889172
0.284533868976493
-2.220446049250313e-16
0.23552807763619443
2.220446049250313e-16
-2.220446049250313e-16
0.12056751300967428
0.05535611120016792
0.14403863882486945
-2.220446049250313e-16
0.10394954465274953
0.1633608213026163
2.220446049250313e-16
0.1154671669792019
-2.220446049250313e-16
-2.220446049250313e-16
0.04948287618446079
0.12975561473331088
0.09109335262917095
2.220446049250313e-16
0.10627296343170689
0.04920967325609604
1.1102230246251565e-16
0.10282563107070808
2.220446049250313e-16
2.220446049250313e-16
0.13247837088842396
0.21075003610751541
0.19592789156082646
1.1102230246251565e-16
0.12998202800370318
0.06707803843473126
0.0
0.16660471164926716
1.1102230246251565e-16
-4.440892098500626e-16
0.06145994745269834
0.13381962453472485
0.1499744267735985
1.1102230246251565e-16
0.1478013624585497
0.12225321466632788
0.0
0.16855546164896962
0.0
