0.42835615054492904
0.4610089077855134
0.39901626735158835
0.3763133829271402
0.40121463698156457
0.3596607199456927
0.4176439965856348
0.32205725856609446
0.45432671040405237
0.4066326103322089
0.4234956843910921
0.44768480268138533
0.48247842532001406
0.4921651866691825
0.5776361850426173
0.5570198895637983
0.45617287424893815
0.39126453794564564
0.4151320342832656
0.4281613503812324
0.49116276838426576
0.37877304554038327
0.47932260997740195
0.3726945056982507
0.540468388012175
0.437005874033893
0.5000838694982174
0.5205930740796979
0.4348347929070172
0.44526208685988
0.3961940650649116
0.30573958692977654
0.3845125690826209
0.47011532123278565
0.47027738053478707
0.4181507662550873
0.48215932921093674
0.31766086110176284
0.5624881996138693
0.39270896515480636
0.48315815267899487
0.4258473725057803
0.512265437419771
0.4125792848769312
0.5991718168762625
0.47416997781346504
0.4882920297740646
0.42302234736904387
0.4865334204859628
0.5128341069266276
0.6245824346258124
0.6714430017897105
0.37489484308671295
0.4505854386974618
0.3746014238217742
0.42870767682020017
0.43374773110288045
0.3827503609220818
0.44430441344774463
0.49641322514061903
0.5799776613231085
0.4797864537420229
0.36167171805919585
0.4408001369843273
0.37330105289671534
0.5478280725997033
0.555798033304876
0.39077196929376123
0.43292029073127736
0.568758060625015
0.27413855438119483
0.23067415880233444
0.3685701494254927
0.2548316399256946
0.24272178672846312
0.23569717732503126
0.41792972709882836
0.3325192491776463
0.1933810972780352
0.27771594676374545
0.22475499398915955
0.2003937678862997
0.3635624637757101
0.2831393990950857
0.31606031544721713
0.30317987016817616
0.34817270772426767
0.27265538529081756
0.22327096557327708
0.3428990781259087
0.35346867278284355
0.3415408936248593
0.35636963442257186
0.39785331849682515
0.25378884838291094
0.37059539270782593
0.36926708835633637
0.24344233340276566
0.28466272701846285
0.423597749726326
