-2.220446049250313e-16
0.13456109746170508
0.15551754905553683
0.3317522362457809
0.0
0.1848969813889172
0.284533868976493
-2.220446049250313e-16
0.23552807763619443
2.220446049250313e-16
-2.220446049250313e-16
0.12056751300967428
0.05535611120016792
0.14403863882486945
-2.220446049250313e-16
0.10394954465274953
0.1633608213026163
2.220446049250313e-16
0.1154671669792019
-2.220446049250313e-16
-2.220446049250313e-16
0.04948287618446079
0.12975561473331088
0.09109335262917095
2.220446049250313e-16
0.10627296343170689
0.04920967325609604
1.1102230246251565e-16
0.10282563107070808
2.220446049250313e-16
2.220446049250313e-16
0.13247837088842396
0.21075003610751541
0.19592789156082646
1.1102230246251565e-16
0.12998202800370318
0.06707803843473126
0.0
0.16660471164926716
1.1102230246251565e-16
-4.440892098500626e-16
0.06145994745269834
0.13381962453472485
0.1499744267735985
1.1102230246251565e-16
0.1478013624585497
0.12225321466632788
0.0
0.16855546164896962
0.0
0.0
0.07317256405437089
0.14321922653830832
0.16277488026240872
0.0
0.19042853503458146
0.16737088376188125
2.220446049250313e-16
0.03554759894066428
0.0
2.220446049250313e-16
0.1918337235376283
0.2476913167167305
0.2810362093759289
2.220446049250313e-16
0.26570133698536624
0.18042913236750302
0.0
0.09512741876214792
0.0
-2.220446049250313e-16
0.07134824162918696
0.13811721490571582
0.21110829119551056
1.1102230246251565e-16
0.13568991884004145
0.17155885664211878
1.1102230246251565e-16
0.04218951068614252
0.0
3.3306690738754696e-16
0.15725606866051856
0.06429472876318754
0.09314642675795226
1.1102230246251565e-16
0.181355635208996
0.11593671181666998
0.0
0.08095881138005401
-2.220446049250313e-16
2.220446049250313e-16
0.20159874071841732
0.1265292476451786
0.09435045481216486
1.1102230246251565e-16
0.1054270809925466
0.22356992477910642
-2.220446049250313e-16
0.16538497310108924
2.220446049250313e-16
-2.220446049250313e-16
0.17625437471334526
0.3647776704361819
0.25251868163536095
-2.220446049250313e-16
0.1983445240526357
0.06744734066256564
0.0
0.21304598678082642
0.0
0.0
0.046633699255323235
0.21746207028519782
0.31069111999654886
0.0
0.18461787013216902
0.25096700247356907
1.1102230246251565e-16
0.04581008566292155
0.0
0.0
0.09967866435465633
0.16798625419872082
0.2612328722370385
-2.220446049250313e-16
0.21756421324919895
0.2548749047466117
0.0
0.1493522592929073
0.0
0.0
0.10652358516213445
0.07305615110385677
0.16491167429881193
-4.440892098500626e-16
0.16352014939534565
0.2966706274413333
1.1102230246251565e-16
0.18533373138228437
-2.220446049250313e-16
2.220446049250313e-16
0.05815049087256674
0.18571948229975965
0.3502273010714264
1.1102230246251565e-16
0.17852687779857734
0.2532883002322196
-2.220446049250313e-16
0.12292637067878875
0.0
-2.220446049250313e-16
0.154025335132419
0.29334808422258296
0.283476376464596
0.0
0.0849013067444433
0.0589763134358372
2.220446049250313e-16
0.035507765496475496
2.220446049250313e-16
3.3306690738754696e-16
0.12900584999017006
0.04763059084574761
0.3182625745807879
2.220446049250313e-16
0.06356377446041594
0.15613157715303205
0.0
0.23107096308176922
0.0
-2.220446049250313e-16
0.136850289087464
0.1877559483657696
0.17709116546314796
0.0
0.1514650402022304
0.1738265113936157
-2.220446049250313e-16
0.11594311756726183
0.0
1.1102230246251565e-16
0.1951478835633058
0.34226903765513683
0.06338716717045312
0.0
0.13744514018628684
0.20965885017812347
0.0
0.345681854477109
0.0
0.0
0.08154144132438168
0.11969870746292766
0.23127960811402792
0.0
0.20932884938247376
0.2733482543740451
0.0
0.0818789145696307
-2.220446049250313e-16
