0.42835615054492904
0.4610089077855134
0.39901626735158835
0.3763133829271402
0.40121463698156457
0.3596607199456927
0.4176439965856348
0.32205725856609446
0.45432671040405237
0.4066326103322089
0.4234956843910921
0.44768480268138533
0.48247842532001406
0.4921651866691825
0.5776361850426173
0.5570198895637983
0.39466683638991507
0.4165690878043128
0.4288742257746564
0.48249037839717634
0.4778264641478077
0.41036545658618484
0.7056866320703057
0.5781626170936027
0.471733015389876
0.44252272891476285
0.4997151735666995
0.5744580325274817
0.29327783392998563
0.4052338742061986
0.2820368178275685
0.2957688343837269
0.7627963259195853
0.7858516578378371
0.7591455141204042
0.6825290965255313
0.3759074339156119
0.36759663256983477
0.46437477469188304
0.4718831153815859
0.4372551090553781
0.4746236017043933
0.4190063876419131
0.46531264251635807
0.8266376352883273
0.7956460353175157
0.8260093857603272
1.0320640200953368
0.43362166844750616
0.4549006927980608
0.46274144536487216
0.5728583259902428
0.4715719798656335
0.46489975028575325
0.5667841864407979
0.7470097655011448
0.6493088643129248
0.5062550429310987
0.48362054844071045
0.5379119057958897
0.5393377244967131
0.4381137014476798
0.47664203619433376
0.4010996199621646
0.659285418769504
0.6572736864828164
0.5029232505758091
0.524708310820734
0.414552566474094
0.5174495996906652
0.5705812344070664
0.3754059652799817
0.49459898143954906
0.4943288183937167
0.4636696463763108
0.4090383474475303
0.45617287424893815
0.39126453794564564
0.4151320342832656
0.4281613503812324
0.49116276838426576
0.37877304554038327
0.47932260997740195
0.3726945056982507
0.540468388012175
0.437005874033893
0.5000838694982174
0.5205930740796979
0.47976641731276504
0.5098116951537653
0.5401377706724564
0.43245554876204195
0.6376996127761285
0.5427749998161352
0.5025044045812794
0.5193607439846168
0.5837191251492485
0.47519087440416496
0.4085653602878846
0.372464259943145
0.795334320336425
0.7314830863552416
0.7282177756711123
0.42831324432638884
0.5363247992709208
0.49392754062284483
0.5656558764117975
0.4652263982855702
0.4797540577330687
0.7022406609423004
0.7653915390627715
0.9234520699438242
0.505324900140119
0.5674755962263032
0.7462891586587721
0.43294086568306234
0.5513603897966346
0.6167164302163859
0.5806722530980093
0.5187796949073209
0.5555468489671916
0.5201410314316511
0.5753167401689521
0.47350479769116327
0.6251387073727142
0.5271120706747623
0.571085781964124
0.4930427684781923
0.5512803597313822
0.3645751384001691
0.4966506923589584
0.5373312749777186
0.4338707997687524
0.4348347929070172
0.44526208685988
0.3961940650649116
0.30573958692977654
0.3845125690826209
0.47011532123278565
0.47027738053478707
0.4181507662550873
0.342037083900933
0.36851674501259946
0.6393600407711311
0.5258264001253536
0.3684903241164983
0.43412995194659043
0.4106627271651596
0.39182096792714904
0.5904896480613113
0.6693192335935265
0.41713913948694126
0.35204778546938587
0.3452960220733894
0.3741535241897511
0.7772569053361402
0.9346836507025468
0.5687185478359613
0.6304671325229534
0.47035399215013773
0.6261735720151803
0.39338340684295225
0.4198697834313019
0.5509935518625977
0.33109830973291055
0.6218372634862692
0.6312613194950397
0.4676671173051097
0.47344769016602983
0.4303578352494982
0.32599374622220223
0.48215932921093674
0.31766086110176284
0.5624881996138693
0.39270896515480636
0.38490654627199405
0.38389149157254265
0.42412072894881736
0.3655713100601743
0.5773704530636159
0.40632872935793274
0.44501665932463785
0.7754950723044902
0.6244619024591183
0.4521716631172473
0.5375737086812199
0.24605066917177976
0.6547670025828007
0.4237394434192746
0.3078449549194746
0.48315815267899487
0.4258473725057803
0.512265437419771
0.4125792848769312
0.5991718168762625
0.47416997781346504
0.4882920297740646
0.42302234736904387
0.4865334204859628
0.5128341069266276
0.6245824346258124
0.6714430017897105
0.39646771267440795
0.4296501672506742
0.45601191252183004
0.46982756747738574
0.28458510439857154
0.3946667395183888
0.506398048060564
0.48669676993610933
0.3925767585789687
0.39574235258097923
0.44187581814290444
0.5305711675801899
0.2785351839856067
0.3410808056415352
0.33114612620852646
0.22633910956516035
0.6885751071581292
0.6505173848177196
0.5921945015226127
0.6551810558905005
0.5189279390073681
0.4587037136992038
0.6950828685458974
0.5078782890539812
0.5554817951042474
0.48694026670722146
0.4523403090464987
0.4955441891529736
0.6936460552520374
0.6316410078469209
0.6873386709973
0.881730577706204
0.4488779051893539
0.45746322497846326
0.5171683878431821
0.6808998580902614
0.6546573977348586
0.6333698813740614
0.632619172594781
0.7587323361997813
0.6967052276672683
0.5100165115891153
0.5176286744997816
0.528780718219441
0.5742132313801833
0.5315906329068292
0.5454799174385669
0.4952137498079102
0.6015402311055269
0.6118195336882533
0.5431972311696502
0.645444863786685
0.40064972559041956
0.5505184414567876
0.6078105660337337
0.3380715993740807
0.5143319035089904
0.4980147478092931
0.5455146301426421
0.4954079468029913
0.37489484308671295
0.4505854386974618
0.3746014238217742
0.42870767682020017
0.43374773110288045
0.3827503609220818
0.44430441344774463
0.49641322514061903
0.5799776613231085
0.40245782452692913
0.4183833057132289
0.40336469604961356
0.28434870677254254
0.38389339359995245
0.4231593610841896
0.35420361780318743
0.377035034210371
0.43001274669159273
0.34144044475865976
0.3783785194777286
0.2560431330947802
0.575716635304627
0.566841370015077
0.6499290852635495
0.44561019108422684
0.659923874610757
0.453112612383059
0.4901356862653544
0.4430153054976642
0.4380378388176672
0.5189051631499606
0.6172695570171087
0.7471373414178546
0.421690238647896
0.5126586084211823
0.6571013990682204
0.4943544349185517
0.5102495762777917
0.5637755771023649
0.44213908181285255
0.47747912311479024
0.46958866964690493
0.4652569932115257
0.4593180631515149
0.4614060490294919
0.5269948508700568
0.49941350401364826
0.6037340968702245
0.4528301765912697
0.5387760557446764
0.3108647405562046
0.4341043074314406
0.5379136729549143
0.45308276030995787
0.4797864537420229
0.36167171805919585
0.4408001369843273
0.37330105289671534
0.5478280725997033
0.555798033304876
0.35029754167177896
0.3557387847323006
0.42097806236405744
0.36414145901420225
0.3568827841906359
0.4257028082525034
0.2863582628897745
0.17820805627931913
0.4804622964648072
0.56084258626389
0.6113860514752347
0.37504645185755103
0.35789285924782577
0.3589598964319365
0.631343892200237
0.8196657083666509
0.46218328100822503
0.6358259176055012
0.5028499524818626
0.6174258861234253
0.3941743202324699
0.4171229496075217
0.45204495127177624
0.38485841322086245
0.5028316267737627
0.5584665694896658
0.4146197986597143
0.23007714048555505
0.4366399565822353
0.3530294030709197
0.39077196929376123
0.43292029073127736
0.568758060625015
0.44479508126095557
0.488194069334308
0.5308176599981327
0.2057283630203144
0.5564611395090231
0.39966861169723633
0.416195826210354
0.9293128479517637
0.6242353713383513
0.6811777413313158
0.4826275343878048
0.4036902652665132
0.5463967386925628
0.3054889341632344
0.39601565797909744
0.27413855438119483
0.23067415880233444
0.3685701494254927
0.2548316399256946
0.24272178672846312
0.23569717732503126
0.41792972709882836
0.3325192491776463
0.20905411703194443
0.23563421303208942
0.13855686247480492
0.16317451957203055
0.4367095969743794
0.35838011170800865
0.6022037251071161
0.49468830645813666
0.28274238700040755
0.2990117980130761
0.24704745402042616
0.3650158941339344
0.2580499525717094
0.3047662446596552
0.36614804861795436
0.3062313232464434
0.4287184265851044
0.44100213481361594
0.35598512532924
0.44892301074796714
0.32442876623380723
0.3052215815899081
0.5296796153134234
0.39126579969139696
0.2779353729763824
0.24276167391008552
0.14996031925757636
0.16214773823223527
0.7991646321024599
0.7254907826897115
0.8401471965214621
0.9417893928046558
0.30571892860599215
0.2818715124235951
0.38830294646900254
0.4537319170410463
0.5043808098127855
0.5022656085743555
0.42988152517703637
0.6088711636568822
0.33521091133483105
0.15008810999046795
0.1231567821689411
0.13700415533789612
0.2936529263462446
0.1345875436274857
0.24138297779659823
0.20197434393140046
0.5389072018472443
0.49184589292926584
0.4805109697852251
0.4870022441857318
0.383267312969811
0.4836828846095311
0.5250240905532155
0.4251368642043931
0.3240568006210789
0.3947628499626169
0.25083799045506694
0.2425477220933372
0.1933810972780352
0.27771594676374545
0.22475499398915955
0.2003937678862997
0.3635624637757101
0.2831393990950857
0.2164041935869916
0.14320188695240177
0.17097481656683466
0.2965755316086228
0.5313350444942067
0.42674986821118344
0.21691087942477727
0.23589271176015547
0.33017852618585364
0.24554508429733235
0.31869603947866487
0.24151044801252064
0.41882709521879113
0.3566184284136549
0.4095065571181242
0.2857930776760831
0.5252582344203025
0.35025129506410313
0.2638499448795234
0.18005472176926263
0.18359216357058628
0.7252506238996723
0.8253935266818248
0.9407692838037433
0.2345353410427402
0.35720864918170736
0.4338025214701767
0.5203095574604757
0.4702314188319807
0.6183072348784633
0.15744626634645786
0.16343914418099914
0.15480201132699
0.1676420210358187
0.2923385744448589
0.18464533264297278
0.45715618041486394
0.47728999758799584
0.4915444824480296
0.4298338222545086
0.45815262107791555
0.38063558137367703
0.420498006252629
0.31545541516779385
0.24614405883806822
0.31606031544721713
0.30317987016817616
0.34817270772426767
0.27265538529081756
0.29438337729890596
0.2943725307951882
0.6304610572699869
0.5473469000268685
0.37509325539027427
0.45114812316511965
0.34429745717982685
0.29905584199601754
0.48354384913109294
0.4613504830956475
0.5959386336944811
0.5029412821937573
0.273699517039928
0.2960583563175
0.886704795417043
0.975934655086668
0.45007844783194495
0.454057310135459
0.5301771219605637
0.6664530468734826
0.29501068219225923
0.29107003878084037
0.31527099616337284
0.27778078292079855
0.4308190625168715
0.49664969531696757
0.6266889252127694
0.5124623844702728
0.423595804466249
0.36321204467938706
0.22327096557327708
0.3428990781259087
0.2222384901284309
0.4227568040221604
0.3336155819536627
0.21943288735934963
0.4133371582523029
0.3799894401513313
0.2284934638697972
0.928766091393193
0.4368649025090585
0.6136521727857134
0.2382489524200757
0.20196336867729892
0.5235027794860678
0.39665523380299506
0.2937470740738589
0.35346867278284355
0.3415408936248593
0.35636963442257186
0.39785331849682515
0.377452970949016
0.4416587503424443
0.3614203809715004
0.39678060633145384
0.5527957056123709
0.4947692436425467
0.7422546611484797
0.6826641652170244
0.38265141558596005
0.3948219661421034
0.4263363138960312
0.48393756409154864
0.39302850679072443
0.4720643024309139
0.472082193523502
0.4281680693886797
0.5007285118327631
0.6311560087531032
0.557573406272492
0.5722937136811388
0.2951163510627276
0.41560869107659026
0.563220271115702
0.5227726106579673
0.3591299062126858
0.3600019633136826
0.3233523681474907
0.35729745742397745
0.9301650520091528
0.8523149640533735
0.9589644649388045
1.0675889224251471
0.4211252916235131
0.46524536007578166
0.46881015923373104
0.4727364250335555
0.6690277448337589
0.6732496414764532
0.649732240920964
0.7733083506811717
0.39494382247583315
0.2900843584812609
0.33264861246861643
0.33312476412093595
0.4857953891967647
0.34706888732626695
0.46155594146112844
0.44316047466920994
0.46766036066577865
0.4396211927301835
0.46618525758519846
0.5069340931821167
0.4873612759800011
0.6743365144761901
0.6987170582717354
0.5321498589510778
0.4486207768995466
0.5791054709591652
0.4659191552660136
0.4806300442002768
0.25378884838291094
0.37059539270782593
0.36926708835633637
0.3881187502846891
0.27757411500730866
0.29625422741309804
0.34497973256868164
0.637737447782553
0.5392884284852528
0.30943940638872625
0.30685073290860576
0.3781926300927426
0.3185243827278803
0.3593427348591134
0.3098050194096875
0.5121709109718198
0.4976463525126539
0.520187853376926
0.31228004945746834
0.48502171860409904
0.3843062205996387
0.32605283326018764
0.2821381348685419
0.2552159657278801
0.6822056767206484
0.8394268099994658
0.9394095847797292
0.2455672617371517
0.2964972197736643
0.362660020499873
0.5080387331715326
0.48824260837931777
0.5936396979534033
0.2990290828725616
0.3118229985994252
0.30685320030684826
0.3159141936721396
0.418128241694796
0.3685562906427925
0.44192224898222443
0.4476418230274958
0.4776453890753076
0.4773624417621767
0.5530985873700021
0.40609913602339287
0.5180334490461368
0.38361531509818847
0.3387978265037226
0.24344233340276566
0.28466272701846285
0.39406631829442973
0.3905363377272021
0.6455904394698844
0.5507676233872671
0.37125828970574504
0.40727823851464795
0.44241903417480255
0.3709243545667017
0.5531315416216833
0.5735413167355174
0.5253278134999996
0.4931353028775667
0.365570265200891
0.34893741645605825
0.8404419189859496
0.9222423915917657
0.4912787684739758
0.6133981682203856
0.6475768173309353
0.6818422783698872
0.4220480246195101
0.3982313975941897
0.5731624082100304
0.47298349783608196
0.5167210113810133
0.54641885472107
0.5904227128051176
0.5369834134887841
0.4805108044246106
0.40408230087028774
0.423597749726326
0.2966059077276565
0.49630314060969527
0.3002918221337131
0.2682010065094639
0.5556503998544525
0.46597989479126967
0.2633415769868124
0.9118546587910409
0.43284822525901623
0.6020694749011037
0.3105933915542062
0.3775398395471673
0.4769908679274669
0.43235417801083686
0.3645626357876943
0.3102660412919618
0.35761056554220716
0.3796308452398537
0.35233408711684555
0.48848850210015415
0.42864385892889234
0.5833120619356134
0.5412570273549446
0.27921494927153745
0.32541339223288823
0.35188382017321096
0.4541662771325118
0.40617846816151193
0.4336903791349308
0.4489651568132397
0.35868679763016875
0.30784477733807913
0.4126706613977015
0.33344719896271846
0.35140964526229934
0.4361109792562968
0.4251670681843731
0.5066171545810292
0.4778228224730793
0.4878181984791189
0.49140983658315507
0.37042625761347636
0.3791409526787626
0.6641777216065434
0.5921988742118476
0.7401892389854003
0.8518062584686674
0.47192788009238373
0.41581609046173384
0.5245290244856495
0.5730200869889162
0.6637448617165215
0.5996246150251127
0.5900719072054504
0.6801532969577848
0.6843714726250999
0.4432081512714028
0.3789278485142653
0.3951951333880094
0.46405920536852807
0.3652815851085953
0.4706463401732792
0.388425419252722
0.6587783889292945
0.4959636455434796
0.5147963647108297
0.6637341007002948
0.49575461022714673
0.6264452256095004
0.5968868403188041
0.5637341692353962
0.5599332532016509
0.6121445248347988
0.5167033688960943
0.4055284517651445
0.29822477593050245
0.31438930073370497
0.27757946115857546
0.34299844255244916
0.5097679331563949
0.4465809352225495
0.33355187899195893
0.3159789341708673
0.39099557398483165
0.3834968878587244
0.43953394831199
0.3664829878555875
0.3935880803892925
0.36351400486530994
0.38653142728867596
0.3727430070275777
0.45033418494030075
0.39311829499026574
0.45974554839278403
0.31564447641818316
0.29333530168520183
0.590884435696583
0.7648508153640132
0.8654325636982406
0.3044172945474133
0.48826665782101164
0.5601422232533761
0.5765218795623303
0.5188042514673108
0.5871136732289329
0.37865010970432145
0.29816492842335396
0.3091887692873453
0.3304213849731925
0.46807739673406634
0.3284825507990077
0.4563857704578379
0.5189063422282747
0.6024465560113291
0.5216188860246915
0.45233935227312205
0.49845495881599555
0.6076080438631041
0.4500242968481566
0.31428594333961357
0.4792541820959868
0.43172820128886014
0.6138258448035687
0.6087254708161577
0.4220010906078975
0.48127857491076
0.5674334375457698
0.4767715210342054
0.4113387190680293
0.3767810497350955
0.48761272481113926
0.48374396390358054
0.4355712628588202
0.42483588342624434
0.7958069416182081
0.8849972167419402
0.5948736075989158
0.6093986565824021
0.6596257681209522
0.6752437540068885
0.4886575697674428
0.4861646252557438
0.5442114024677731
0.5165309831295746
0.5374729642539917
0.6609883498625876
0.6494545922267194
0.6520903567616132
0.5884458752330782
0.4798309698050355
0.36922392684642247
0.5167123895667038
0.49195892915855344
0.45041112852798904
0.38511360759442914
0.49815420424727685
0.3944198814854416
0.9562302729893796
0.5248340721957703
0.691245881253898
0.4329328577460879
0.3841867418584981
0.5885916217327729
0.6282011284960676
0.4137523295164367
0.407902318448487
0.27572342715755827
0.467872198417135
0.3471113034985148
0.31902496113217016
0.2995759793922491
0.2930635083009059
0.40198531178580654
0.2186393873775222
0.2429873923066791
0.26326119806113535
0.27022443261119766
0.41132949666465424
0.39714463253081045
0.38088007218589226
0.3869798650541161
0.39991569309118336
0.36325080115453445
0.49315717234792045
0.42243231645737256
0.39368593401629837
0.38056895643340516
0.24857553849565905
0.26980166643836145
0.848956137232797
0.7721581183088347
0.8490984271981112
0.9795266503801543
0.34126387397674307
0.2638109774558056
0.39987289596906916
0.49953095078235055
0.6189225716080509
0.6026584706810145
0.5391912846968736
0.6943330177924306
0.4653972132825015
0.26283815948309175
0.22796800880833656
0.2326948976529074
0.46265779401721785
0.28042372325231735
0.38904336458900635
0.2223530292663275
0.5318858732484855
0.5176976430474165
0.48841426432364077
0.5110252133462085
0.44669384376135146
0.511197609514161
0.45494431204292174
0.40556280979298454
0.4866681451470899
0.5189746414398392
0.4062235004558894
0.3029783799171607
0.24417641260063383
0.48594272922987447
0.3522823786670518
0.3179940614816862
0.3399248766533671
0.4190031036156112
0.2388500640671607
0.22677499884773722
0.28155277357485975
0.3872920281613309
0.4054387641794114
0.4541750846407866
0.38548671404107515
0.5317449128197363
0.39670895046459975
0.3656106262247588
0.28196985294663623
0.27979963863900004
0.6885346446197114
0.8266142291753473
0.9110859940231703
0.2146906601923364
0.4174173802911557
0.4982881401147622
0.4978031563157983
0.46645687834560323
0.6004135363926792
0.3063825543698897
0.2319040587340534
0.28109942093083273
0.260885573073942
0.3591854619513579
0.19686891556477837
0.565573824924185
0.5048184422584779
0.5380828382744474
0.4054953516477108
0.35869416817146627
0.34763162989497365
0.5840124117830442
0.43307323871802894
0.2906277192024972
0.437170497342374
0.27340649094390024
0.15078879692184677
0.24228671918022715
0.38578693817124043
0.3063411370892467
0.26929999983764374
0.42741751283918505
0.3877357909925593
0.2409248132620283
0.09227649723721465
0.07841074779250434
0.7033910454120531
0.7921797639794237
0.3888090621962911
0.48645177773468107
0.3245060158234858
0.492775373059103
0.08902975884534325
0.0832753027134171
0.28069698114631036
0.11438773246344858
0.46749189805893165
0.438739946518655
0.3823583575035663
0.3800738211563356
0.22036091529434654
0.1724253986578056
0.2302958622097413
0.21304406545789212
0.30598082887804867
0.39882400046747346
0.22493915915453222
0.07873517780763695
0.705567965057909
0.536025849092223
0.4164783548702302
0.10309341199246691
0.12350488067715482
0.4898800785438707
0.3991829637596708
0.1492639167288765
0.38692407673231
0.3514057270860351
0.36634717465135147
0.4241908374027977
0.31693782588652475
0.34855301100482483
0.35290883132003736
0.2527406099178684
0.5782202429807561
0.5002866668669271
0.5341003874613406
0.5664533572238051
0.5831056069721406
0.5218101150059172
0.6867761315261959
0.5353058415057537
0.5901073274169358
0.5098755191880155
0.46785492449317234
0.45040856623988024
0.5681698910485655
0.5051145840727282
0.6057641481971935
0.6894676382324002
0.2985334821354656
0.3507792407499736
0.34922336480160054
0.5203796413544172
0.46598569251763
0.4429438092617327
0.47963967872084234
0.5353095104928467
0.6558424895874118
0.46723361959726684
0.4998540163656441
0.4978609626982756
0.5017669203416921
0.4312551119917002
0.4387563606745122
0.4443740976724331
0.4434200815629721
0.4520076961901127
0.4077428177873148
0.551253842742031
0.27475595243732986
0.42644479473807095
0.5728799408817409
0.30856649625701804
0.4519854443102954
0.3655278375680465
0.5349970560503401
0.4583364697620934
0.21865135660977275
0.24306925752242226
0.2461343760825393
0.20343126133939027
0.24062813013670603
0.22341556431631526
0.35618382537040294
0.4084868792028997
0.4230403316894159
0.4523024200827762
0.5462201392171189
0.3940012291289663
0.4594184710812593
0.3546386127186163
0.29025058761678113
0.4838911915443851
0.6564263570425504
0.7283219911523209
0.25766884522104694
0.4639323346219436
0.5859946210042537
0.39837837662077713
0.38323148936508067
0.45069237007809293
0.3900461753271479
0.3627754187849336
0.37173365903936406
0.30187029048132696
0.3777276067336004
0.24104050602028215
0.4328928794926945
0.42931909088162745
0.4788121601689648
0.28237675548154606
0.23416097715256778
0.3159624444100375
0.4172060927188639
0.3794237670323055
0.22186146919972283
0.3439058437927852
0.3139181234044881
0.5320801031422334
0.4171554093791302
0.4670092002668331
0.5514495228618641
0.6486685469950839
0.49438407905724935
0.5498744194236991
0.47679463722735504
0.500833077743719
0.4912968868564104
0.6680435241487334
0.7661389573900448
0.45067602014573105
0.38609950828213646
0.5178021894277145
0.5010366132373917
0.6523826634718979
0.40423097262984076
0.5933885977711439
0.6938953428739123
0.3722971020706797
0.45832234197523736
0.58287979188127
0.45380584932806256
0.28295890971758886
0.3556741876792422
0.48652894430710003
0.3680822164294535
0.33943340940343947
0.5155433250743148
0.707857673542184
0.37836031534578884
0.3839444769845516
0.26993640263893026
0.6007118757118926
0.40259681742488806
0.30853006456488896
0.3052013886117292
0.30458213878157414
0.38910403795000914
0.31382585677937613
0.3354228017400753
0.44760730047206987
0.3583264953143306
0.42044419492790197
0.4175902703404124
0.44440899319973404
0.6289370353706323
0.49321854650550356
0.5232808325477583
0.4665550183140075
0.38323986516395103
0.3843793741233845
0.5206770406825598
0.4847813358447445
0.588950438421813
0.7559097795395308
0.44454839625041953
0.42522467424425203
0.5228376102143606
0.6504504442290661
0.6271323242382918
0.5760859283632495
0.5656834507803022
0.6198631273192532
0.5825835486070985
0.3241569211491535
0.351195114970418
0.3233254723318828
0.513335562531785
0.3650629979714911
0.45490477293314036
0.4018756730605074
0.5112358381522761
0.44239545077377174
0.5031226390932222
0.5668455207364665
0.3947950560066812
0.4792369562639711
0.46722512806997085
0.47938218510850594
0.4250190384928314
0.3913675162207635
0.4403823382663826
0.3446302517242439
0.22646434001363802
0.32708761635671413
0.27312674492363964
0.40928418268685485
0.38153634157747596
0.41801587363460113
0.4347430397811216
0.611490579959084
0.4272302583141866
0.46476839056810415
0.394824958509684
0.37731002757868126
0.5309061355185645
0.6648281049442435
0.7778569230035974
0.3615737500488597
0.5093967944091891
0.6254134253567813
0.5826765819314266
0.5858992450039753
0.6275610470165558
0.35531691116539255
0.38070180709543056
0.36713965407918225
0.357466361962279
0.4722338667912739
0.3326666330804203
0.4777629472144993
0.5286012140890646
0.5791538792702466
0.3854697661744936
0.3505925124240361
0.4541251195528049
0.43916645700184187
0.4302344961814767
0.3029705231279416
0.419174334988514
0.3128458952803719
0.26599826303043317
0.43975099713533317
0.4580214361907673
0.2947399705237286
0.23336004977812608
0.19967618107230445
0.5338144848378703
0.6131479941345321
0.5038556005192554
0.6377653840892475
0.3400565815856813
0.3908157541265622
0.2411348109543645
0.22435963808017112
0.4373751701374776
0.25151203670545486
0.5216595392643091
0.5386221028003899
0.3302590997819739
0.46129867223473553
0.3116117349975398
0.21547239343469782
0.3884660722438944
0.539722359128888
0.35068136888881296
0.2720933197017176
0.5698802870466894
0.7203012948703853
0.36491618138911863
0.3152295779004505
0.2916816519018435
0.5851741987548545
0.5314529417778238
0.26777538210285334
0.43355010786472326
0.4696395646648881
0.4361953413829638
0.3986198362349769
0.354763889831636
0.35723233576520064
0.5951009054708617
0.4123063260338885
0.3070889668022072
0.26888277488716517
0.31497224532049006
0.35051530917380547
0.7681975481147322
0.733773973928223
0.8223300380695704
0.9992588978361452
0.24892432565431
0.26401968676174126
0.38090994036147585
0.46893264738270357
0.44991717047443114
0.454560739233807
0.497401430907496
0.6992759846222268
0.597086052168389
0.3744622402574507
0.3739448385066646
0.40345109322176953
0.36090476791767867
0.27815306188648437
0.32804356723899997
0.2576416022315936
0.4869709897479584
0.5275868071068321
0.42141922960388745
0.4729357647620501
0.3232644388231305
0.4406130864701677
0.45182753263149533
0.27633586145874967
0.41348319894822694
0.413580491561246
0.39332084698852543
0.3147052780307984
0.27528253448500295
0.27542455849047665
0.3649420677065951
0.1973240113048108
0.41155040148609523
0.1909456075823427
0.37176589312113983
0.23373308556522598
0.19895665470769042
0.5640090614412234
0.5798448538543033
0.7031743733102085
0.21614252865239536
0.42331187527149705
0.5240598811651627
0.40228122034878466
0.2855776791197404
0.38845044815647567
0.3499644510455193
0.28447386284219334
0.30225041219860205
0.30420992306233663
0.3602529550743314
0.16009946076613635
0.45105575083442284
0.4503143605334744
0.45755137866157114
0.20065342193878644
0.24289081328051765
0.24292015002484801
0.4578764494384101
0.3094004754815167
0.18468535266920638
0.5316762476774564
0.4426568243827341
0.5787323650290447
0.4546262047216829
0.40285719561443933
0.4279178106697715
0.7793808118681131
0.9781060398103503
0.4194129575864789
0.5002112575858977
0.47215789712872347
0.635641074819735
0.4639743900773654
0.5230434546372544
0.3950677832546162
0.30758532174784015
0.43545292266001123
0.4985457005325945
0.42892263623425686
0.274888910744043
0.4724944077052612
0.3480696903662277
0.38254426466964364
0.36291157374844896
0.3133492766655189
0.8599024598306191
0.49541703907209556
0.5446036411875421
0.408189421578379
0.2891969687988819
0.44239810393285883
0.20169260769716935
0.30838763867312946
0.5232645957262642
0.5428741072189373
0.6835068492879317
0.5181656792906442
0.6434158358753852
0.6282130138627106
0.5395930828297043
0.49340986671997966
0.5989669257545402
0.6314753954327743
0.7565643045331645
0.824508895176284
0.5298603801130343
0.5070775588753698
0.6126339363681477
0.6216316928998755
0.6124361652456181
0.6371742517144793
0.6012170662899998
0.7195508198740106
0.7248850878827178
0.4740952388578502
0.5050551498112352
0.4635290494823785
0.4889798215309047
0.438625953014662
0.4950761029639479
0.4672333522313762
0.5364287569683089
0.43519230959439037
0.5022062996628955
0.6259136470889664
0.636995584387249
0.7279985412686547
0.6700360673296406
0.6916735608120617
0.5942125315781746
0.5703576086936937
0.6111536886424852
0.5013408049846129
0.43398891754160496
0.5699451030843614
0.36478870316057876
0.6699603973627775
0.5063107626303496
0.3960685989715993
0.46236916247230486
0.5977475562453349
0.5581102219193276
0.4173839329259026
0.5892153735897351
0.5881736708787602
0.521525892629378
0.35508917607262325
0.42685753729436104
0.4885388340256016
0.4578167633516813
0.42910461928646093
0.47660130917288746
0.525248854213838
0.34124233172917173
0.5184505825231787
0.5648736293723788
0.6611066139118531
0.42884414386860525
0.4070372712772502
0.5653823396993882
0.6665782407843855
0.5782816455968978
0.40817931592847567
0.5732805092081756
0.34291339802945664
0.36095580127482385
0.30316738630051565
0.6516221855389221
0.6623943357252625
0.6021531927453139
0.663956530237678
0.3852637106539789
0.5095210850385787
0.34415305066807256
0.32896382645970645
0.44996926083944944
0.3089843942513707
0.5318524817313977
0.6054857857382843
0.4779853676477277
0.591131813956341
0.45564223445610474
0.345463567348538
0.4701976666316988
0.4608677389619439
0.9078809889623266
0.5824277136061611
0.7097478437062092
0.48329307610752115
0.4004202656333492
0.6185586008477111
0.6471275366624095
0.4218214915668541
0.41071090040931735
0.41290246678841547
0.34153269120288676
0.36891485661169954
0.7826526199724593
0.7352862242558988
0.8525199940521742
1.0220820713228043
0.3272341254272735
0.37220994816977615
0.3710352487203712
0.37590321301387997
0.5605329846735385
0.5567320452379473
0.5537984451892334
0.7056489590468715
0.5324332168616646
0.38542921825178034
0.3519558438574186
0.3857935327324471
0.4901208656282523
0.3975999144666401
0.48155312258606797
0.4453301599589047
0.6298679406094071
0.5398876085710169
0.6132619918440885
0.6179308052460035
0.4246444526090333
0.5518939832701003
0.6567125537076277
0.4196459006588168
0.47853941846195924
0.5253957141403696
0.4654963698045679
0.43704011271160903
0.402755279606242
0.18767735071067626
0.1914424904551809
0.6130059869141341
0.6227939209111171
0.7715500744561947
0.29405283518730474
0.39087336867529276
0.45949824136094897
0.46360205405845845
0.2901879130157311
0.43163960308731386
0.36997497090011233
0.26371247979000056
0.30236485498464305
0.33619324105430504
0.4137981949693944
0.2494452465259862
0.4992192025421899
0.5468325578690783
0.5111684319940106
0.3234588303853376
0.446954698977841
0.3390518438227008
0.49588919933624176
0.30047297292707587
0.23611383696370825
0.36157589701942683
0.3565617122872413
0.6869398745449775
0.7610606848092789
0.5516176779174047
0.5520846974154201
0.42519442999626966
0.5201520743192933
0.44041575459888227
0.5052310513393645
0.5661897024504002
0.41502914868331364
0.6670002922175293
0.6282730013410681
0.5365312550239755
0.5525214497767515
0.45085126521617636
0.37355906774075687
0.2035965124473328
0.7066510953559785
0.5060144445459338
0.373958742155338
0.3493824664572839
0.26193930234368024
0.6047133091324313
0.36872936503182563
0.2456747310382449
0.9807300421601314
0.9326815650568743
1.0095122848513176
1.1312184213644405
0.39838562852340464
0.3843869498921718
0.48650279835280974
0.4713582765587969
0.6048933012099795
0.6118776986153822
0.6228419170167129
0.805620843064984
0.29885235602993376
0.27049886462261685
0.3137629723760774
0.3623768734689621
0.16087060029265776
0.18559035794074097
0.1697519382022693
0.35250729582066087
0.424834431961036
0.5026184590208655
0.417377663677983
0.33718011365857825
0.48779445859408055
0.6777784931019022
0.6945596036947999
0.4619779910785945
0.28531856326043403
0.43875725924748765
0.28330855327618476
0.35742187928850755
0.8266244905124811
0.9542440843987232
1.0514613888009845
0.32918160177642175
0.4415665451167782
0.4975096910542788
0.5846112454465047
0.5797049150307465
0.7424120810675279
0.21742573540337684
0.2574372109084748
0.2949405986440007
0.15501888753422766
0.1641220374523077
0.31993728617435235
0.43688229253830646
0.3613421620491244
0.2836424422506204
0.6083461277637385
0.6470635422904153
0.399565817097183
0.399925297922324
0.25309088128354906
0.31246248891804296
0.7969133046551149
0.9101024399917608
0.4564453909054452
0.5352523808057484
0.3646688022087057
0.5278944495105462
0.07626241499296327
0.11341618488301497
0.20042969757432016
0.16311185803986272
0.40748981057996125
0.3385136864008439
0.5020317647883327
0.4032765960896364
0.11558018544806481
0.13671052083299184
0.7867135707459328
0.5320279384535547
0.40281135854312533
0.08082193587781095
0.15981264201517142
0.3671943971244328
0.38586797094957215
0.12316826936114655
0.7382000765630441
0.7066916877008029
0.7959783313098856
0.920999415052061
0.602921577360996
0.5177530137660233
0.5207716851224468
0.41293865903050386
1.012984732722929
0.7850481374186342
0.7594442964364834
0.7399388435996221
0.7986095806574389
0.762353724377769
0.7380578977325698
0.7947291068159666
0.8026703768870653
0.701764225547996
0.755047337353067
0.8443419210442931
0.5050302963894576
0.5360886965853562
0.6482868504133215
0.6089984682380782
0.8113523644434881
0.6962385041060231
0.8483517009344776
0.736292856158998
0.6197799483297584
0.7113368113271449
0.8862852763394916
0.49470071888885414
0.4838382880822837
0.387162135242781
0.739428987642279
0.7015828475706862
0.6880905185854428
0.7039149337698207
0.7043913830789954
0.7438636262360057
0.6448057462091928
0.6729006119593488
0.7487610537756969
0.48884360585741216
0.5652402652045352
0.5440534644598392
0.6747171415881759
0.7596327760302852
0.6322204445351712
0.8267077466657
0.9832016193211978
0.5336713561819302
0.390017286996283
0.7764419427155224
0.7327147693155518
0.8107139330496668
0.7621677495392692
0.7950330252995996
0.8337744663633971
0.6436067313701461
0.6329878959393453
0.7884516371356836
0.7077253712596117
1.0426795378219647
0.3664070169336071
0.8223441066728351
0.8209609881566106
0.9456747881975777
0.8073940859778668
0.8181224560760553
0.44814626899609267
0.46019425472330255
0.4802823105987528
0.6440937309279968
0.5134720486435604
0.4025877538726267
0.3992853482340927
0.4282284106225378
0.390701276179067
0.3528866380858484
0.38238187944614643
0.3748840864002113
0.5012993995015793
0.49114657276267615
0.45905156284856474
0.5058162374750101
0.32732830439718086
0.43351086483255086
0.5778396666929797
0.29861895793293103
0.5412212834697
0.5478030837053487
0.5142142357068622
0.4384827599364649
0.40727502359192014
0.4007864568427434
0.49472656093084943
0.3422696901338381
0.2778703033232298
0.31965027221642983
0.2828519617915657
0.356667455197055
0.2599138179201269
0.48014443014506214
0.48641499794179477
0.483260736012584
0.2944362329864213
0.368220604734681
0.25226599804484506
0.5426149954431015
0.3909593973224834
0.27228681748394945
0.5349264700814806
0.6745627828013533
0.44773510501427816
0.49083672658979816
0.4445964691885952
0.45382395178973667
0.4362389606885798
0.5165845565344291
0.6638502330356515
0.33523196568310387
0.5981650681878684
0.537400427280615
0.7660529457339982
0.6235752034436426
0.4972732265643717
0.66313443628161
0.5248340525763122
0.6603613759658404
0.8530990814672147
0.6367996156734707
0.573073418512908
0.6178383049122893
0.45368448021705543
0.49368820672094216
0.4325319671920429
0.5166154407257889
0.6098644371838421
0.6229477248655373
0.4651787052121046
0.583193957751591
0.36380257448428743
0.4666565688787506
0.6551589250214767
0.3997015210240832
0.6112545677026056
0.5883896812662638
0.5978816278177429
0.5150471693071484
0.624936947025279
0.5433851893303085
0.5993778545041064
0.4723410522065845
0.4429703433811547
0.4853692445103521
0.5760112668726246
0.4628671844123161
0.5752777093257712
0.34247388261162126
0.5265270412998428
0.31622430505458454
0.6010691417751318
0.5852108346058456
0.4568866889092582
0.3672952267233225
0.4078774989148345
0.3961384872739522
0.2836629615841595
0.4663410532441812
0.5453504677161976
0.407131111175125
0.3660682505668812
0.46800994723099676
0.3436497280507993
0.5282172132061758
0.45817536270090875
0.6710282221442214
0.4312205029404911
0.42954950776137324
0.39949018452006035
0.323047678170156
0.36052721510987784
0.4755003774811096
0.48500092704392017
0.58324719486419
0.5941004924524074
0.5025049700744577
0.6245631930862396
0.7603383191607359
0.8027252493065474
0.6281655825868344
0.372291295492321
0.4904682790586994
0.43496491501189694
0.5488632899640206
0.14116849793395625
0.234410060301247
0.2447172410242323
0.41215253205642144
0.45262603248445166
0.4033798816540164
0.5118943559910902
0.5260346256897375
0.4234141073536437
0.3158933868288739
0.238752101614631
0.26455290982721846
0.24608748087144838
0.1745212282730374
0.473201930190323
0.41661120494080606
0.44294424488741146
0.39630483578304354
0.1898723264166049
0.18211651210436608
0.21538277623668578
0.4240649974860585
0.46867205615707397
0.20682906951027102
0.33657359666001185
0.39755297658336564
0.3072819309221514
0.3219890835355341
0.45098331450240414
0.6486043646209476
0.7003083698434696
0.4585934211002609
0.29365496979480055
0.35356251703220976
0.3302954103855983
0.35957898172598945
0.3070583973118981
0.30487473409098453
0.27198437530471586
0.48585248180279617
0.5045435394793861
0.38258558113959873
0.25961748319880995
0.1550332828955281
0.15391799580812038
0.2558890012174744
0.24596583444754283
0.6187447712624141
0.3937167574190116
0.22691698555776818
0.26022741690732465
0.42648081633600765
0.3630329709571125
0.14837015761622452
0.4736058207296344
0.7225536474960812
0.7765138888366768
0.5144811166888958
0.38875198200281547
0.407950092818294
0.48711039287257196
0.5114937326748847
0.657102668025018
0.6677060190586265
0.5005241465953485
0.40719835570333984
0.4296712817163748
0.397384338891685
0.7443636328597169
0.4589979344525318
0.4786461993653909
0.44900306545392565
0.5041392175460733
0.3501164593968541
0.45685639272685796
0.45552531439561117
0.4796357352787429
0.3826873156541466
0.5838505230970875
0.45920034078399186
0.2938164549412914
0.49935321160702395
0.27471767116499346
0.38769787691482904
