7.771561172376096e-16
0.06742420097730017
0.11217370096488288
0.2098668974746989
0.0
0.12071255655515867
0.13924553079697188
1.2212453270876722e-15
0.15614140744276694
4.440892098500626e-16
5.551115123125783e-16
0.1950817518600082
0.03900339559899324
0.178229305782036
9.992007221626409e-16
0.15717320994394768
0.214397054748118
6.661338147750939e-16
0.1418285429324433
5.551115123125783e-16
2.220446049250313e-16
0.037540990195600754
0.17735349110999377
0.07842251056047811
9.992007221626409e-16
0.14888353651561603
0.07194952789474729
3.3306690738754696e-16
0.17382172649309446
1.1102230246251565e-15
2.220446049250313e-16
0.21402006655054617
0.26669951840518535
0.2802488783055668
5.551115123125783e-16
0.1693192332379777
0.08222627222997048
5.551115123125783e-16
0.14543733799032343
5.551115123125783e-16
6.661338147750939e-16
0.06000236303674622
0.16642216117383157
0.16105046572062132
7.771561172376096e-16
0.18847625838746185
0.19052867485777514
3.3306690738754696e-16
0.18818467724816124
3.3306690738754696e-16
