0.36811980735587924
0.41417423682835075
0.3380360049265827
0.29502516587001315
0.24462375748773124
0.27290824308734585
0.2416094250574471
0.27265995886093863
0.29513281226864563
0.2633610379784972
0.2666919590723853
0.2611717375248006
0.2838227680419073
0.29240098704068795
0.26533352129057974
0.285828107613764
0.3702257478600648
0.33394052479198777
0.31593605607762676
0.2162991719205336
0.23510393503262028
0.2436295604060822
0.27329465802219466
0.25648789316622445
0.282236795447367
0.26988715319447987
0.25567057151334227
0.30050900260985736
0.41287565765373857
0.3574885398819255
0.31188690802393115
0.2728417071705932
0.31618421374451244
0.3104290757577707
0.3098192324282605
0.27624444082670385
0.2881209963844843
0.24748572252974088
0.38264305257268305
0.30145540748268185
0.37235615985478954
0.4078169210937991
0.38702509810497343
0.39770693123954126
0.45195148553571474
0.32628018748781473
0.3608642656111277
0.3505418427233785
0.27097567317575344
0.26055546155169196
0.37582923233970167
0.35525130902247937
0.31899406816129383
0.33570870945008113
0.32840421432646916
0.40352045665463765
0.4160625151172396
0.40752468723789703
0.30881204165541776
0.3835374938329281
0.4070204644355866
0.3596203617336359
0.36026436892125147
0.36351724877091773
0.35612935909507826
0.3403510097531447
0.31143779704705443
0.32770522326494167
0.32452051008175753
0.3159160827430121
0.3351437069326326
0.21285018862208138
0.3320225504872304
0.2721550394443212
0.12781719911154088
0.16524939292998775
0.25919634701375116
0.2308195156559829
0.2369609349553815
0.3366382332566048
0.28579155927295297
0.18110475323063713
0.25204470001244617
0.27580977167429255
0.3169598801932543
0.26778408677961696
0.22364565760467525
0.3331393205736004
0.2907081707871937
0.25477123336949226
0.27043857876918675
0.31203036444879506
0.3660789106749168
0.3082719071127127
0.14626004180425822
0.2868351574468303
0.25201348462917705
0.23447118087502816
0.27100638284310574
0.29097247028138695
