-2.220446049250313e-16
0.15648911917837804
0.14542604020395966
0.2502921407599873
0.0
0.20434429036077717
0.11514529511976002
1.1102230246251565e-16
0.2115121179805174
1.1102230246251565e-16
0.0
0.14103287774281148
0.05613690660018389
0.22758856907751357
0.0
0.1759992415646605
0.2172406544488621
0.0
0.23864662123209446
-2.220446049250313e-16
-2.220446049250313e-16
0.04346400829491681
0.18919614364603854
0.14493974844568447
1.1102230246251565e-16
0.21306714178641073
0.19075750722144502
2.220446049250313e-16
0.26738562985981984
0.0
-2.220446049250313e-16
0.3093413638954444
0.3571222641263867
0.40412242792494024
0.0
0.13550206882255744
0.14951104163295104
0.0
0.0944760006174099
-2.220446049250313e-16
-2.220446049250313e-16
0.20683108366613823
0.16651620983463433
0.2938974929103937
0.0
0.23813926969694066
0.41468964972170963
-2.220446049250313e-16
0.3135155307971864
-2.220446049250313e-16
1.1102230246251565e-16
0.08778428996532461
0.12834435721899196
0.09500776574425296
0.0
0.11362807460835611
0.04542882003369286
0.0
0.053322625469561125
0.0
-2.220446049250313e-16
0.12621108691872873
0.11933640301754067
0.1560495650011351
0.0
0.14013870415629737
0.138300338540434
0.0
0.12165503850644277
0.0
0.0
0.16359703430168948
0.1584125085798772
0.3115810468610034
0.0
0.13899156541398028
0.21388281005165088
0.0
0.1274543106955337
0.0
1.1102230246251565e-16
0.33376510743418863
0.13981325100862285
0.20175922286701076
-2.220446049250313e-16
0.16392910953392947
0.16978593637569206
1.1102230246251565e-16
0.07559230159261765
2.220446049250313e-16
0.0
0.0706719931782187
0.1054119248569666
0.24832540142407078
1.1102230246251565e-16
0.11426558654160057
0.266220446370634
-2.220446049250313e-16
0.2391715077974571
0.0
0.0
0.11572182780758133
0.322113401023579
0.11506480867628921
1.1102230246251565e-16
0.25703157068770843
0.21718516494644735
-2.220446049250313e-16
0.43910830859782946
-4.440892098500626e-16
-4.440892098500626e-16
0.04561462905899338
0.43375518024651827
0.2565726558698854
0.0
0.46347449250255957
0.27067160157456027
0.0
0.19241649094956592
0.0
0.0
0.04542418328024356
0.11979526791063588
0.09750394313083122
0.0
0.12141832786309359
0.06462943979579294
2.220446049250313e-16
0.10477043399909747
2.220446049250313e-16
0.0
0.15476651126979102
0.3403805618243916
0.300555229017875
2.220446049250313e-16
0.41317377276877365
0.322868994820096
-2.220446049250313e-16
0.10324204918323043
0.0
0.0
0.06532390768621887
0.05619993763155362
0.10998455082840608
1.1102230246251565e-16
0.15757740580783486
0.11476266137894198
-2.220446049250313e-16
0.1260115521321976
0.0
0.0
0.12467177437727128
0.20479100932222283
0.11195274591364701
-2.220446049250313e-16
0.1377689350903204
0.07748987830273557
0.0
0.18469564341134614
-2.220446049250313e-16
2.220446049250313e-16
0.1245621326826889
0.07019828466277533
0.23510733825899566
-2.220446049250313e-16
0.0414588509200019
0.1802729206627044
0.0
0.19271396486025383
2.220446049250313e-16
-2.220446049250313e-16
0.30005545626784647
0.22241148641333885
0.255014849660282
0.0
0.39680327348349476
0.12703417073254675
-2.220446049250313e-16
0.294733377230457
0.0
1.1102230246251565e-16
0.2729589412743053
0.31687634009212473
0.1561310712811207
-2.220446049250313e-16
0.13500349289154057
0.18084751769862928
-2.220446049250313e-16
0.20244709965780938
0.0
0.0
0.11629227267257691
0.19666933947407528
0.27614355344558206
0.0
0.2526440699829565
0.2528560984360635
0.0
0.15567135415354005
-2.220446049250313e-16
