0.19530837896544606
0.45165784509605333
0.1832881413832268
0.2950982062606472
0.163877659439706
0.14769061754378532
0.2687701196360215
0.2922540044802411
0.2405169708676509
0.24881059780040637
0.21603171413691902
0.24843050431850044
0.2186202239098104
0.38498837489262505
0.3281523606703013
0.2745976475349553
0.4073816604469618
0.1667328380824472
0.41602470051798657
0.15406534277336492
0.5127845317755921
0.3114176034343601
0.15655295759290588
0.14560807662141262
0.1569315917053774
0.2879177851008492
0.3672863099067005
0.44742436416859754
0.15056468383414034
0.2135019597803205
0.22130566362092985
0.15549649756650008
0.2599376421854289
0.3084639218310208
0.3323801813886357
0.29751388430186854
0.33924617969829174
0.23128964880141156
0.23801459254946022
0.4892677563095629
0.09915826068875444
0.09221718905329845
0.3385023879861133
0.15762240781112358
0.29550324947482864
0.12088152655525874
0.15478079030564507
0.19395131145642963
0.08666971090826392
0.2467393122641518
0.23741248939508086
0.2878206594482229
0.2765676330427318
0.41904742301558306
0.15445350479757036
0.28267241789315445
0.30770302787980386
0.3810675125314349
0.23655010502711615
0.2050734382838315
0.43096206559418704
0.323119507022255
0.1496528467897682
0.21302547962375784
0.2562577819074764
0.2530129301777868
0.3433373886891201
0.07920474057946458
0.3411578490717987
0.1542674008384055
0.22630158202201867
0.15442263163103231
0.18586350621131287
0.23098734321892322
0.10195385487176223
0.296584930553784
0.309444262277481
0.20151699001891132
0.15505083536401554
0.11152801400913404
0.14337623217347195
0.27722330330691525
0.2216199754725663
0.2059626252015616
0.3671698460459095
0.4751067097421534
0.3298704629940652
0.16584833498980034
0.275328409492973
0.2413156134672667
0.2927414014247871
0.3364251785581448
0.30174083010132635
0.17785637920143715
0.10237883312287566
0.31652408277296973
0.32424687539474206
0.2102456815405278
0.33003866130270343
0.3382862563460213
